first index random
1000, 344, 0.021449 
10000, 692, 0.186449 
100000, 933, 1.774056 
1000000, 1079, 17.021121 
first index growing
1000, 359, 0.021223 
10000, 681, 0.162128 
100000, 930, 1.506383 
1000000, 1091, 15.424291 
first index growing and second index near
1000, 311, 0.017474 
10000, 624, 0.181648 
100000, 673, 1.403143 
1000000, 679, 14.266606 
alargado

1000, 360, 0.018849 
10000, 639, 0.168842 
100000, 812, 1.525425 
1000000, 859, 15.163765 

e_shiny_selfies

100, 141543, 0.354691 
1000, 142541, 0.388251 
10000, 150484, 0.597578 
100000, 198275, 2.087505 
1000000, 245541, 18.070095 

b___
1000, 18, 0.560714 
10000, 15, 0.770916 
100000, 129, 2.350245 
1000000, 615, 17.977464 
